89,4
89,1
89,3
0,273
0,270
14,11
14,9
0,468
9,5
8,14
3,2
3,1
3,3
10,66
10,127
10,184
10,161
10,77
10,219
10,203
10,148
11,26
11,8
11,9
9,7
9,4
9,1
9,6
9,2
9,3
8,12
8,7
8,15
8,17
8,4
8,16
8,2
8,3
0,461
119,5
119,4
119,3
119,2
119,1
119,0
118,4
118,3
118,2
118,1
118,0
117,4
117,3
117,2
117,1
117,0
116,3
116,2
116,1
116,0
115,3
115,2
115,1
115,0
112,3
112,2
112,1
112,0
102,5
102,4
102,3
102,2
102,1
102,0
99,4
99,3
99,2
99,1
99,0
98,4
98,3
98,2
98,1
98,0
97,5
97,4
97,3
97,2
97,1
97,0
70,3
70,1
63,3
63,1
44,3
44,1
20,3
20,2
20,1
19,3
19,2
19,1
18,3
18,1
17,3
17,2
17,1
16,3
16,2
16,1
15,3
15,2
15,1
14,10
14,5
14,3
14,1
13,3
13,1
12,3
12,2
12,1
11,30
